[[9,1],[[[8],2,5],10,5],[[],[[0,10,2,10,2],[6]],5],[[10,[]],[],[[5,1,3,10],5],[[],[],[10,0]]],[[4,3],[[],[],[2,8,0,6]],4,[[8,1,7,1],1,[2,9,0],4,4]]]
[[5],[10,[[4,9,6,5,0],1,5,[],[]],[9],7,[]],[0,[[4,3,7,8],[0,1,2,5]]],[[[],[8,7,8,4,1],4,9,1],[[0,8,1],6,[0,7,1,1]],6,7,9]]

[[1,[[],3,[2,7,7,5]],[10,[7,7,7,1]],[[9],4,4,7],[[7],1]],[],[5,10,7],[[0,[],[]]],[]]
[[2,2],[[0,[9,5,0,6],10,[],[8,1,6,6,0]],0,[[],[],[7,3,1,8,1]],10,1]]

[[[2,7,7,[9,0,0]]],[[[1,6,0,1]],[[9,0,3,9,9],10],1,10,9],[[[3],2,[0,3,4],[],[7,4]],10,[8],9,6],[[5,2,6,4,[10,8]],[[0,5,9,10],[9,5],[10,3,4,0],0]],[]]
[[[],10,3,1,[[]]],[9,10],[],[[],3,10,5],[[[],4,3,0],[[],8,9,5,3],[],6]]

[[[8,[],8,3,8],7,[]],[8,0],[7,3]]
[[],[[0,10],[[5],[10,2,2]]],[[6,[6,5,0,7],[],[]],10,5],[[1,[10,4,4]],5,7,5,7]]

[9,9,7,10]
[9,9,7,10,0]

[[0,[3,0]],[0,7,4,10]]
[[[[],[],3,[2]]],[]]

[[],[10,1,[7,8,[10,7,0,8]],[],[0,[1,5,7,6],8,[5]]],[10]]
[[],[],[[[],9,[],9,[2]],[[10,8,1,6],[7,8],[8,2,5,6,9],[]],[],[9,6,2],[[0,4,7],[],3,8,[10,1,0,6,4]]]]

[[6,1],[[],[3,[8,7,5,4,1]],[[9,10,6],[2,1],[4,10,5]],[[2],[8,1,4],3]],[5],[1,[1,7]]]
[[2],[[4],5,9,10],[3,7,9],[]]